Smile,Playlist: The Very Best Of Lonestar,Lonestar,213.1ø
Tame,Where Is My Mind: A Tribute To The Pixies,Local H,121.2ø