Pretty Eve In The Tub,God Help The Girl,God Help The Girl,164.0ø
Over The Hill,Over The Hill,Alessi's Ark,204.6ø
El Fusilado (Midi Lidi Remix),Hastrmans_ Tatrmans & Bubaks,MIDI Lidi,204.3ø
Nothing More,Rebirth,Osunlade,298.2ø