Rockin To The Beat,THE E.N.D. (THE ENERGY NEVER DIES),Black Eyed Peas,225.4ø
Ring-A-Ling,THE E.N.D. (THE ENERGY NEVER DIES),Black Eyed Peas,272.7ø
One Tribe,THE E.N.D. (THE ENERGY NEVER DIES),Black Eyed Peas,280.6ø
Imma Be,THE E.N.D. (THE ENERGY NEVER DIES),Black Eyed Peas,257.5ø
I Gotta Feeling (FMIF Remix Edit),One Love,Black Eyed Peas,234.3ø
I Gotta Feeling (Edit),Now That's What I Call Music! 74,The Black Eyed Peas,244.8ø
I Gotta Feeling,Clubland 16,Black Eyed Peas,388.5ø
Boom Boom Pow,Now 20,Black Eyed Peas,218.5ø