Worauf ich bei Frauen am meisten achte,Noah war ein Archetyp,Bodo Wartke,68.2,0.541,0.447,2007ø
Waterloo,Noah war ein Archetyp,Bodo Wartke,33.3,0.541,0.447,2007ø
Warum nich'?,Ich denke_ also sing' ich - Live 2009,Bodo Wartke,310.2,0.541,0.447,2004ø
Verena,Noah war ein Archetyp,Bodo Wartke,245.6,0.541,0.447,2007ø
und herzlich willkommen,Noah war ein Archetyp,Bodo Wartke,39.4,0.541,0.447,2007ø
Tips von den Profis,Noah war ein Archetyp,Bodo Wartke,110.3,0.541,0.447,2007ø
Regen (alternative Enden),Noah war ein Archetyp,Bodo Wartke,279.6,0.541,0.447,2007ø
Regen,Noah war ein Archetyp,Bodo Wartke,338.4,0.541,0.447,2007ø
Pcdenzfal,Noah war ein Archetyp,Bodo Wartke,201.5,0.541,0.447,2007ø
Logik,Noah war ein Archetyp,Bodo Wartke,307.8,0.541,0.447,2007ø
Lieder_ die zu Herzen gehen,Noah war ein Archetyp,Bodo Wartke,47.5,0.541,0.447,2007ø
Lalelilolu,Noah war ein Archetyp,Bodo Wartke,151.5,0.541,0.447,2007ø
Kain & Abel,Ich denke_ also sing' ich - Live 2009,Bodo Wartke,206.5,0.541,0.447,1998ø
Ich vermiss Dich,Noah war ein Archetyp,Bodo Wartke,61.5,0.541,0.447,2007ø
Guten Abend,Noah war ein Archetyp,Bodo Wartke,309.9,0.541,0.447,2007ø
Gaffer,Ich denke_ also sing' ich - Live 2009,Bodo Wartke,258.4,0.541,0.447,2009ø
Einfallende Herden,Noah war ein Archetyp,Bodo Wartke,117.1,0.541,0.447,2007ø
Ein Ritter,Ich denke_ also sing' ich - Live 2009,Bodo Wartke,195.6,0.541,0.447,1998ø
Ein Denkmal denkt,Ich denke_ also sing' ich - Live 2009,Bodo Wartke,278.4,0.541,0.447,2004ø
Dodekakophonie,Noah war ein Archetyp,Bodo Wartke,284.2,0.541,0.447,2007ø
Die Schlange,Noah war ein Archetyp,Bodo Wartke,87.8,0.541,0.447,2007ø
Die Nachtigall,Noah war ein Archetyp,Bodo Wartke,35.9,0.541,0.447,2007ø
Die Falschen und die Richtigen,Noah war ein Archetyp,Bodo Wartke,33.7,0.541,0.447,2007ø
Die Arche,Noah war ein Archetyp,Bodo Wartke,158.8,0.541,0.447,2007ø
Die Amerikaner,Noah war ein Archetyp,Bodo Wartke,173.5,0.541,0.447,2007ø
Der blaue Engel,Ich denke_ also sing' ich - Live 2009,Bodo Wartke,314.0,0.541,0.447,1998ø
Das letzte Lied vor der Pause,Ich denke_ also sing' ich - Live 2009,Bodo Wartke,142.3,0.541,0.447,2003ø
Bonusmaterial,Noah war ein Archetyp,Bodo Wartke,93.1,0.541,0.447,2007ø
Andrea (alternativer Anfang),Noah war ein Archetyp,Bodo Wartke,49.9,0.541,0.447,2007ø
Andrea,Noah war ein Archetyp,Bodo Wartke,198.9,0.541,0.447,2007ø
Alla Turca Stomp,Noah war ein Archetyp,Bodo Wartke,304.3,0.541,0.447,2007ø
90Grad,Noah war ein Archetyp,Bodo Wartke,279.1,0.541,0.447,2007ø