Witch Doctor,Crazyhorse Mongoose,Galactic,253.4,0.69,0.459,1998ø
Wild Man (featuring Big Chief Bo Dollis),Ya-Ka-May,Galactic,128.4,0.69,0.459,2010ø
Villified,We Love 'Em Tonight (Live at Tipitina's),Galactic,230.5,0.69,0.459,2000ø
Valley Of Pain (Cd),From the Corner To the Block,Galactic,180.0,0.69,0.459,2007ø
Two Clowns,We Love 'Em Tonight (Live at Tipitina's),Galactic,536.2,0.69,0.459,2000ø
Tuff Love,From the Corner To the Block,Galactic,310.5,0.69,0.459,2007ø
Tighten Your Wig,Galactic Vintage Reserve,Galactic,191.3,0.69,0.459,1998ø
Thrill,Late for the Future,Galactic,208.4,0.69,0.459,2000ø
Think Back,From the Corner To the Block,Galactic,239.0,0.69,0.459,2007ø
The Corner,From the Corner To the Block,Galactic,180.2,0.69,0.459,2007ø
Sweet Leaf,We Love 'Em Tonight (Live at Tipitina's),Galactic,265.1,0.69,0.459,2001ø
Start From Scratch,Galactic Vintage Reserve,Galactic,252.9,0.69,0.459,1998ø
Squarebiz,From the Corner To the Block,Galactic,205.1,0.69,0.459,2007ø
Sidewalk Stepper,From the Corner To the Block,Galactic,75.0,0.69,0.459,2007ø
Shibuya,We Love 'Em Tonight (Live at Tipitina's),Galactic,590.4,0.69,0.459,2001ø
Running Man,Late for the Future,Galactic,252.6,0.69,0.459,2000ø
Moog Marmalade,We Love 'Em Tonight (Live at Tipitina's),Galactic,320.1,0.69,0.459,2001ø
Lumpology,We Love 'Em Tonight (Live at Tipitina's),Galactic,260.4,0.69,0.459,2001ø
Krewe d'etat,Ya-Ka-May [Deluxe Edition],Galactic,33.7,0.69,0.459,2010ø
Katey vs. Nobby (featuring Katey Red and Sissy Nobby),Ya-Ka-May,Galactic,180.9,0.69,0.459,2010ø
Jeffe 2000,Galactic Vintage Reserve,Galactic,58.6,0.69,0.459,2000ø
I Got It ( What You Need),From the Corner To the Block,Galactic,234.9,0.69,0.459,2007ø
I Get Lifted,We Love 'Em Tonight (Live at Tipitina's),Galactic,237.4,0.69,0.459,2001ø
Hustle Up,From the Corner To the Block,Galactic,213.2,0.69,0.459,2007ø
Hit The Wall,Late for the Future,Galactic,365.3,0.69,0.459,2000ø
Heart Of Steel (featuring Irma Thomas),Ya-Ka-May,Galactic,207.9,0.69,0.459,2010ø
Hamp's Hump,Crazyhorse Mongoose,Galactic,225.0,0.69,0.459,1998ø
Go Go,Galactic Vintage Reserve,Galactic,182.8,0.69,0.459,1996ø
From the Corner to the Block Feat. Juvenile,From the Corner To the Block,Galactic,201.0,0.69,0.459,2007ø
Friends of Science,Ya-Ka-May,Galactic,77.1,0.69,0.459,2010ø
Find My Home,From the Corner To the Block,Galactic,241.8,0.69,0.459,2007ø
Fanfare,From the Corner To the Block,Galactic,84.8,0.69,0.459,2007ø
Doublewide,Late for the Future,Galactic,294.0,0.69,0.459,2000ø
Denny's Village Rundown,Crazyhorse Mongoose,Galactic,150.5,0.69,0.459,1998ø
Crazyhorse Mongoose,Crazyhorse Mongoose,Galactic,287.2,0.69,0.459,1998ø
Cineramascope (featuring Trombone Shorty and Corey Henry),Ya-Ka-May,Galactic,194.7,0.69,0.459,2010ø
Century City,Galactic Vintage Reserve,Galactic,294.2,0.69,0.459,2000ø
Bounce Baby,From the Corner To the Block,Galactic,190.6,0.69,0.459,2007ø
Bobski 2000,Late for the Future,Galactic,100.9,0.69,0.459,2000ø
Blacked Eyed Pea,Late for the Future,Galactic,226.2,0.69,0.459,2000ø
Baker's Dozen,We Love 'Em Tonight (Live at Tipitina's),Galactic,567.3,0.69,0.459,2000ø
Bacchus (featuring Allen Toussaint),Ya-Ka-May,Galactic,173.7,0.69,0.459,2010ø
As Big As Your Face,Late for the Future,Galactic,383.1,0.69,0.459,2000ø
Action Speaks Louder Than Words,Late for the Future,Galactic,213.1,0.69,0.459,2000ø
[Hidden Track],Late for the Future,Galactic,89.7,0.69,0.459,2000ø
...And I'm Out,From the Corner To the Block,Galactic,211.5,0.69,0.459,2007ø