Who Sold Out Now?,A Place Called Home,Ignite,143.0,0.729,0.453,2000ø
Veteran,A Place Called Home,Ignite,165.8,0.729,0.453,2000ø
Three Years,Our Darkest Days,Ignite,158.3,0.729,0.453,2006ø
Strength,Our Darkest Days,Ignite,103.1,0.729,0.453,2006ø
Slowdown,Our Darkest Days,Ignite,184.7,0.729,0.453,2006ø
Save Yourself,Our Darkest Days,Ignite,149.8,0.729,0.453,2006ø
Run,A Place Called Home,Ignite,151.4,0.729,0.453,2000ø
Poverty For All,Our Darkest Days,Ignite,133.7,0.729,0.453,2006ø
Pieter,A Place Called Home,Ignite,198.3,0.729,0.453,2000ø
Old,A Place Called Home,Ignite,109.8,0.729,0.453,2001ø
No Regrets,A Place Called Home,Ignite,179.0,0.729,0.453,2000ø
My Judgement Day,Our Darkest Days,Ignite,145.4,0.729,0.453,2006ø
Live For Better Days,Our Darkest Days,Ignite,314.3,0.729,0.453,2006ø
Let It Burn,Our Darkest Days,Ignite,171.2,0.729,0.453,2006ø
Know Your History,Our Darkest Days,Ignite,133.4,0.729,0.453,2006ø
Intro (our Darkest Days),Our Darkest Days,Ignite,51.0,0.729,0.453,2006ø
In Moderation,A Place Called Home,Ignite,112.3,0.729,0.453,2000ø
I'm Bored,A Place Called Home,Ignite,127.0,0.729,0.453,2001ø
Hands On Stance,A Place Called Home,Ignite,198.8,0.729,0.453,2000ø
Fill In The Blanks,A Place Called Home,Ignite,136.9,0.729,0.453,2000ø
Fear Is Our Tradition,Our Darkest Days,Ignite,185.9,0.729,0.453,2006ø
By My Side,A Place Called Home,Ignite,223.1,0.729,0.453,2000ø
Burned Up,A Place Called Home,Ignite,166.3,0.729,0.453,2000ø
Bullets Included No Thought Required,A Place Called Home,Ignite,184.3,0.729,0.453,2000ø
Are You Listening,Our Darkest Days,Ignite,82.0,0.729,0.453,2006ø
A Place Called Home,A Place Called Home,Ignite,196.3,0.729,0.453,2000ø