Going to Mars,El Shock de Leia,Lagartija Nick feat. The Boys,168.9,0.549,0.431,2007ø