Come Into The House Of The Lord,Souls' Chapel,Marty Stuart And His Fabulous Superlatives | Cousin Kenny,247.6,0.26,0.432,2005ø