Welcome To The Walk Alone,Welcome To The Walk Alone,The Rumble Strips,164.8,0.665,0.413,2009ø
Sweet Heart Hooligan,Welcome To The Walk Alone,The Rumble Strips,113.6,0.665,0.413,2009ø
Sad City,Alarm Clock,The Rumble Strips,176.7,0.665,0.413,2007ø
Pennies,Motorcycle,The Rumble Strips,163.9,0.665,0.413,2007ø
Oh Creole,Oh Creole,The Rumble Strips,195.5,0.665,0.413,2006ø
Not The Only Person,Not The Only Person,The Rumble Strips,148.7,0.665,0.413,2009ø
No Soul,Time,The Rumble Strips,155.0,0.665,0.413,2006ø
My Oh My,Motorcycle,The Rumble Strips,178.2,0.665,0.413,2007ø
Motorcycle,Motorcycle (Original 2006 version),The Rumble Strips,237.6,0.665,0.413,2006ø
London,London,The Rumble Strips,190.2,0.665,0.413,2009ø
Hate Me (You Do),Girls & Weather,The Rumble Strips,192.8,0.665,0.413,2006ø
Happy Hell,Welcome To The Walk Alone,The Rumble Strips,203.4,0.665,0.413,2009ø
Girls And Boys In Love,Run Fatboy Run Original Soundtrack,The Rumble Strips,152.0,0.665,0.413,2007ø
Feeling B,Alarm Clock,The Rumble Strips,201.5,0.665,0.413,2007ø
Douglas,Welcome To The Walk Alone,The Rumble Strips,157.5,0.665,0.413,2009ø
Don't Dumb Down,Girls & Weather,The Rumble Strips,173.7,0.665,0.413,2007ø
Dem Girls,Welcome To The Walk Alone,The Rumble Strips,175.6,0.665,0.413,2009ø
Cowboy,Girls & Weather,The Rumble Strips,159.8,0.665,0.413,2007ø
Building A Boat,Girls and Weather,The Rumble Strips,158.5,0.665,0.413,2007ø
Born Bored,Cardboard Coloured Dreams EP,The Rumble Strips,119.5,0.665,0.413,2006ø
Back To Black,Girls and Weather,The Rumble Strips,220.8,0.665,0.413,2007ø
Back Bone,Welcome To The Walk Alone,The Rumble Strips,191.2,0.665,0.413,2009ø
Alarm Clock,Alarm Clock,The Rumble Strips,192.8,0.665,0.413,2007ø
4 Walls,Alarm Clock,The Rumble Strips,197.9,0.665,0.413,2007ø