Pond,Open Up And Say...@<%_|^[!]: A Tigerbeat6 Compilation,Total Shutdown,60.2,0.45,0.359,2003ø