Anything Is Possible,Grime Wave,Wiley ft. Frisco & Cookie,192.5,0.637,0.477,2008ø