Space Does Not Care,Space Does Not Care,Zero Gravity,152.2,0.448,0.269,1996ø
Interferon,Space Does Not Care,Zero Gravity,212.8,0.448,0.269,1996ø